# nom
# ambiant
# diffuse
# specular
# shinyness coef_diffusion coef_reflexion coef_refraction in_refractive_index out_refractive_index

whitePlastic
0.1 0.1 0.1
0.7 0.7 0.7
1.0 1.0 0.98
5.0 0.9 0.1 0.0 1.0 1.0

shinyMetal
0.0 0.0 0.0
1.0 1.0 1.0
1.0 1.0 1.0
56.0 1.0 1.0 0.0 1.0 1.0

bronze
0.1125 0.0675 0.054
0.714 0.4284 0.18144
0.9 0.8 0.7
56 0.5 0.75 0.0 1.0 1.0

glass
0.0 0.0 0.0
0.95 0.95 1.0
1.0 1.0 1.0
80.0 0.01 0.05 0.98 1.5 1.0

test1
0.5 0.5 0.5
0.0 0.0 0.0
1.0 1.0 1.0
80 0.01 0.05 0.98 1.5 1.0

test2
0.0 0.5 0.5
0.5 0.5 0.5
1.0 1.0 1.0
80 0.01 0.05 0.98 1.5 1.0

test3
0.5 0.5 0.5
0.0 0.0 0.0
1.0 1.0 1.0
80 0.01 0.05 0.98 1.5 1.0

test4
0.5 0.5 0.5
0.0 0.0 0.0
1.0 1.0 1.0
80 0.01 0.05 0.98 1.5 1.0

test5
0.1 0.1 0.1
0.0 0.0 0.0
1.0 1.0 1.0
0 0.0 1.0 0.0 1.0 1.0

redPlastic
0.1 0.0 0.0
0.85 0.05 0.05
1.0 0.8 0.8
5.0 1.0 0.05 0.0 1.0 1.0

greenPlastic
0.0 0.1 0.0
0.05 0.85 0.05
0.8 1.0 0.8
5.0 1.0 0.05 0.0 1.0 1.0

emerald
0.0 0.01 0.0
0.09568 0.77424 0.10
0.9 1.0 0.9
76.8 0.15 0.5 0.65 1.5 1.0

eau
0.76 0.93 0.96
0.29 0.86 0.95
1.0 1.0 1.0
90.0 0.01 0.4 0.9 1.3 1.0

black
0 0 0
0 0 0
0 0 0
0 0 0 0 0 0
